0   0.0   0.0   0.0   0.0   0.0
10000000   521.0   20.0   645.0   386.0   215.5
20000000   988.5   60.0   1281.0   775.0   266.0
30000000   1485.0   30.0   1760.0   1180.0   305.0
40000000   1926.0   40.0   2350.0   1572.0   400.0
50000000   2445.0   50.0   3361.0   1985.0   500.0
60000000   2910.0   60.0   4121.0   2420.0   610.0
70000000   3422.0   70.0   4203.0   2810.5   685.0
80000000   3992.5   80.0   4895.0   3205.0   785.0
90000000   4386.0   95.0   6036.0   3621.0   885.0
100000000   5021.0   105.0   6545.0   3996.0   990.0
