0   0.0   0.0   0.0   0.0   0.0
10000000   120.5   29.0   44.0   35.5   63.0
20000000   96.0   17.0   55.0   55.0   55.0
30000000   140.0   30.0   90.0   90.0   80.0
40000000   185.0   40.0   110.0   120.0   105.0
50000000   235.0   50.0   140.0   140.0   130.0
60000000   280.0   55.0   170.0   170.0   155.0
70000000   325.0   65.0   200.0   195.0   185.0
80000000   370.0   80.0   225.0   220.0   210.0
90000000   420.0   90.0   255.0   250.0   240.0
100000000   460.0   100.0   280.0   275.0   260.0
